35
25
99 99 99 99 99 99 99 99 99 99 99 99  0 99 99 99 99 99  0 99  0 99 99 99 99
99 99 99 99 99 99 99 99 99 99 99  0  0 99  0 99 99 99 99  0 99 99 99 99 99
99 99 99 99 99 99 99 99 99 99  0 99 99  0 99 99 99 99  0 99  0 99 99 99 99
99 99 99 99 99 99 99 99 99  0 99  0 99  0 99 99 99  0 99 99  0 99 99 99 99
99 99 99 99 99 99 99 99  0 99  0 99 99 99  0 99  0 99 99 99  0 99 99 99 99
99 99 99 99 99 99 99  0 99 99 99  0 99 99 99  0 99 99 99 99 99  0 99 99 99
99 99 99 99 99  0 99  0 99 99  0 99 99 99 99 99  0 99  0 99  0 99 99 99 99
99 99 99 99  0 99  0 99  0 99  0 99 99 99 99 99 99  0 99 99 99  0 99 99 99
 0  0 99  0 99  0 99  0 99  0 99 99  0 99 99 99 99 99  0 99  0 99 99 99 99
99  0  0 99  0 99 99 99  0 99 99  0  0  0 99 99 99 99 99  0 99 99 99 99 99
 0  0 99  0 99 99 99 99 99  0  0 99 99 99  0 99 99 99  0 99 99 99 99 99 99
99 99 99 99  0 99 99 99 99 99 99 99 99  0 99  0 99  0 99  0 99 99 99 99 99
99 99 99 99  0 99 99 99 99 99 99 99 99 99 99 99  0 99  0 99 99 99 99 99 99
99 99 99 99  0 99 99 99 99 99 99 99 99 99 99  0 99 99 99  0  0 99 99 99 99
99 99 99  0 99  0 99 99 99  0 99 99 99 99  0 99 99 99  0 99 99  0 99 99 99
99 99  0 99 99 99  0 99  0 99 99 99 99  0 99  0 99 99 99  0 99 99  0 99 99
99  0 99 99  0 99 99  0 99 99 99 99  0 99 99 99  0 99 99  0  0 99 99  0 99
 0  0 99  0 99  0 99  0 99 99 99  0 99  0 99 99 99  0 99  0 99  0 99  0  0
99 99  0 99 99 99  0 99  0 99  0 99  0 99  0  0 99 99  0  0  0  0  0 99 99
99 99 99 99 99 99 99 99 99  0 99 99 99 99  0 99  0  0 99 99  0 99 99 99 99
99 99 99 99 99 99 99 99 99 99  0 99  0 99 99  0  0 99  0  0 99 99 99 99 99
99 99 99 99 99 99 99 99 99 99 99  0 99  0  0 99 99  0 99  0 99 99 99 99 99
99 99 99 99 99 99 99 99 99 99  0 99 99  0 99 99 99 99 99 99  0 99 99 99 99
99 99 99 99 99 99 99 99 99 99  0 99  0 99 99 99 99 99 99  0 99 99 99 99 99
99 99 99 99 99 99 99 99  0 99 99  0 99 99 99 99 99 99 99  0 99 99 99 99 99
99 99 99 99 99 99 99 99 99  0  0 99 99 99  0 99  0 99  0 99 99 99 99 99 99
99 99 99 99 99 99 99  0 99  0 99 99 99 99  0 99 99  0 99 99 99 99 99 99 99
99 99 99 99 99 99 99 99  0 99 99 99  0 99  0 99  0 99 99 99 99 99 99 99 99
 0  0  0 99 99 99 99 99  0 99 99 99 99  0 99  0 99 99 99 99  0  0  0  0  0
 0 99 99  0 99 99 99 99 99  0 99  0 99 99  0 99 99 99 99 99 99 99  0 99 99
 0 99 99  0 99 99 99 99 99 99  0 99 99 99  0 99 99 99 99 99 99 99  0 99 99
 0  0  0 99 99 99 99 99 99 99  0 99 99 99  0 99 99 99 99 99 99 99  0 99 99
 0 99  0 99 99 99 99 99 99 99 99  0 99  0 99 99 99 99 99 99 99 99  0 99 99
 0 99 99  0 99 99 99 99 99 99 99 99  0 99 99 99 99 99 99 99 99 99  0 99 99
 0 99 99  0 99 99 99 99 99 99 99 99  0 99 99 99 99 99 99 99 99 99  0 99 99

